73,55
73,54
73,53
73,52
73,51
73,50
73,49
73,48
73,47
73,46
73,45
73,44
73,43
73,42
73,41
73,40
73,39
14,8
0,446
73,38
73,37
73,36
73,35
0,456
3,2
3,1
3,3
10,210
10,116
10,196
10,243
10,22
10,142
10,138
10,2
10,3
11,14
11,6
11,18
11,16
11,2
11,3
70,5
70,4
70,3
9,7
9,2
9,3
70,2
70,1
70,0
68,5
68,4
68,3
8,7
8,11
8,5
68,2
8,13
68,1
68,0
67,4
67,3
67,2
67,1
67,0
66,3
66,2
66,1
66,0
65,3
65,2
65,1
65,0
64,3
64,2
64,1
64,0
63,4
63,3
63,2
63,1
63,0
62,3
62,2
62,1
62,0
61,3
61,2
61,1
61,0
60,3
60,2
60,1
60,0
59,4
59,3
59,2
59,1
59,0
58,3
58,2
58,1
58,0
57,3
57,2
57,1
57,0
56,4
56,3
56,2
56,1
56,0
55,4
55,1
55,3
55,2
20,3
20,2
20,1
19,3
